(venv) nmorr@Machine:~/open_spiel$ python3 open_spiel/python/pytorch/run_rcfr.py
0 [0.50518102 0.49481898]
0pb [0.52675119 0.47324881]
0 [0.50518102 0.49481898]
0pb [0.52675119 0.47324881]
1 [0.55462857 0.44537143]
1pb [0.47045754 0.52954246]
1 [0.55462857 0.44537143]
1pb [0.47045754 0.52954246]
2 [0.58435857 0.41564143]
2pb [0.47004591 0.52995409]
2 [0.58435857 0.41564143]
2pb [0.47004591 0.52995409]
[tensor([[1., 0., 1., 0., 0., 0., 0., 0., 0., 0., 0., 1., 0.],
        [1., 0., 1., 0., 0., 0., 0., 0., 0., 0., 0., 0., 1.],
        [1., 0., 1., 0., 0., 1., 0., 0., 1., 0., 0., 1., 0.],
        [1., 0., 1., 0., 0., 1., 0., 0., 1., 0., 0., 0., 1.],
        [1., 0., 0., 1., 0., 0., 0., 0., 0., 0., 0., 1., 0.],
        [1., 0., 0., 1., 0., 0., 0., 0., 0., 0., 0., 0., 1.],
        [1., 0., 0., 1., 0., 1., 0., 0., 1., 0., 0., 1., 0.],
        [1., 0., 0., 1., 0., 1., 0., 0., 1., 0., 0., 0., 1.],
        [1., 0., 0., 0., 1., 0., 0., 0., 0., 0., 0., 1., 0.],
        [1., 0., 0., 0., 1., 0., 0., 0., 0., 0., 0., 0., 1.],
        [1., 0., 0., 0., 1., 1., 0., 0., 1., 0., 0., 1., 0.],
        [1., 0., 0., 0., 1., 1., 0., 0., 1., 0., 0., 0., 1.]]), tensor([[0., 1., 0., 1., 0., 1., 0., 0., 0., 0., 0., 1., 0.],
        [0., 1., 0., 1., 0., 1., 0., 0., 0., 0., 0., 0., 1.],
        [0., 1., 0., 1., 0., 0., 1., 0., 0., 0., 0., 1., 0.],
        [0., 1., 0., 1., 0., 0., 1., 0., 0., 0., 0., 0., 1.],
        [0., 1., 0., 0., 1., 1., 0., 0., 0., 0., 0., 1., 0.],
        [0., 1., 0., 0., 1., 1., 0., 0., 0., 0., 0., 0., 1.],
        [0., 1., 0., 0., 1., 0., 1., 0., 0., 0., 0., 1., 0.],
        [0., 1., 0., 0., 1., 0., 1., 0., 0., 0., 0., 0., 1.],
        [0., 1., 1., 0., 0., 1., 0., 0., 0., 0., 0., 1., 0.],
        [0., 1., 1., 0., 0., 1., 0., 0., 0., 0., 0., 0., 1.],
        [0., 1., 1., 0., 0., 0., 1., 0., 0., 0., 0., 1., 0.],
        [0., 1., 1., 0., 0., 0., 1., 0., 0., 0., 0., 0., 1.]])]



0 [0.05628532 0.94371468]
0pb [0.47277818 0.52722182]
0 [0.05628532 0.94371468]
0pb [0.47277818 0.52722182]
1 [0.24684474 0.75315526]
1pb [0.13888836 0.86111164]
1 [0.24684474 0.75315526]
1pb [0.13888836 0.86111164]
2 [0.42940454 0.57059546]
2pb [0.19900087 0.80099913]
2 [0.42940454 0.57059546]
2pb [0.19900087 0.80099913]
[tensor([[1., 0., 1., 0., 0., 0., 0., 0., 0., 0., 0., 1., 0.],
        [1., 0., 1., 0., 0., 0., 0., 0., 0., 0., 0., 0., 1.],
        [1., 0., 1., 0., 0., 1., 0., 0., 1., 0., 0., 1., 0.],
        [1., 0., 1., 0., 0., 1., 0., 0., 1., 0., 0., 0., 1.],
        [1., 0., 0., 1., 0., 0., 0., 0., 0., 0., 0., 1., 0.],
        [1., 0., 0., 1., 0., 0., 0., 0., 0., 0., 0., 0., 1.],
        [1., 0., 0., 1., 0., 1., 0., 0., 1., 0., 0., 1., 0.],
        [1., 0., 0., 1., 0., 1., 0., 0., 1., 0., 0., 0., 1.],
        [1., 0., 0., 0., 1., 0., 0., 0., 0., 0., 0., 1., 0.],
        [1., 0., 0., 0., 1., 0., 0., 0., 0., 0., 0., 0., 1.],
        [1., 0., 0., 0., 1., 1., 0., 0., 1., 0., 0., 1., 0.],
        [1., 0., 0., 0., 1., 1., 0., 0., 1., 0., 0., 0., 1.]]), tensor([[0., 1., 0., 1., 0., 1., 0., 0., 0., 0., 0., 1., 0.],
        [0., 1., 0., 1., 0., 1., 0., 0., 0., 0., 0., 0., 1.],
        [0., 1., 0., 1., 0., 0., 1., 0., 0., 0., 0., 1., 0.],
        [0., 1., 0., 1., 0., 0., 1., 0., 0., 0., 0., 0., 1.],
        [0., 1., 0., 0., 1., 1., 0., 0., 0., 0., 0., 1., 0.],
        [0., 1., 0., 0., 1., 1., 0., 0., 0., 0., 0., 0., 1.],
        [0., 1., 0., 0., 1., 0., 1., 0., 0., 0., 0., 1., 0.],
        [0., 1., 0., 0., 1., 0., 1., 0., 0., 0., 0., 0., 1.],
        [0., 1., 1., 0., 0., 1., 0., 0., 0., 0., 0., 1., 0.],
        [0., 1., 1., 0., 0., 1., 0., 0., 0., 0., 0., 0., 1.],
        [0., 1., 1., 0., 0., 0., 1., 0., 0., 0., 0., 1., 0.],
        [0., 1., 1., 0., 0., 0., 1., 0., 0., 0., 0., 0., 1.]])]



0 [0.75683977 0.24316023]
0pb [0.95134145 0.04865855]
0 [0.75683977 0.24316023]
0pb [0.95134145 0.04865855]
1 [0.72018447 0.27981553]
1pb [0.00476043 0.99523957]
1 [0.72018447 0.27981553]
1pb [0.00476043 0.99523957]
2 [0.04894045 0.95105955]
2pb [0.23590275 0.76409725]
2 [0.04894045 0.95105955]
2pb [0.23590275 0.76409725]
[tensor([[1., 0., 1., 0., 0., 0., 0., 0., 0., 0., 0., 1., 0.],
        [1., 0., 1., 0., 0., 0., 0., 0., 0., 0., 0., 0., 1.],
        [1., 0., 1., 0., 0., 1., 0., 0., 1., 0., 0., 1., 0.],
        [1., 0., 1., 0., 0., 1., 0., 0., 1., 0., 0., 0., 1.],
        [1., 0., 0., 1., 0., 0., 0., 0., 0., 0., 0., 1., 0.],
        [1., 0., 0., 1., 0., 0., 0., 0., 0., 0., 0., 0., 1.],
        [1., 0., 0., 1., 0., 1., 0., 0., 1., 0., 0., 1., 0.],
        [1., 0., 0., 1., 0., 1., 0., 0., 1., 0., 0., 0., 1.],
        [1., 0., 0., 0., 1., 0., 0., 0., 0., 0., 0., 1., 0.],
        [1., 0., 0., 0., 1., 0., 0., 0., 0., 0., 0., 0., 1.],
        [1., 0., 0., 0., 1., 1., 0., 0., 1., 0., 0., 1., 0.],
        [1., 0., 0., 0., 1., 1., 0., 0., 1., 0., 0., 0., 1.]]), tensor([[0., 1., 0., 1., 0., 1., 0., 0., 0., 0., 0., 1., 0.],
        [0., 1., 0., 1., 0., 1., 0., 0., 0., 0., 0., 0., 1.],
        [0., 1., 0., 1., 0., 0., 1., 0., 0., 0., 0., 1., 0.],
        [0., 1., 0., 1., 0., 0., 1., 0., 0., 0., 0., 0., 1.],
        [0., 1., 0., 0., 1., 1., 0., 0., 0., 0., 0., 1., 0.],
        [0., 1., 0., 0., 1., 1., 0., 0., 0., 0., 0., 0., 1.],
        [0., 1., 0., 0., 1., 0., 1., 0., 0., 0., 0., 1., 0.],
        [0., 1., 0., 0., 1., 0., 1., 0., 0., 0., 0., 0., 1.],
        [0., 1., 1., 0., 0., 1., 0., 0., 0., 0., 0., 1., 0.],
        [0., 1., 1., 0., 0., 1., 0., 0., 0., 0., 0., 0., 1.],
        [0., 1., 1., 0., 0., 0., 1., 0., 0., 0., 0., 1., 0.],
        [0., 1., 1., 0., 0., 0., 1., 0., 0., 0., 0., 0., 1.]])]



[array([ 9.751296 ,  0.       , 40.387238 ,  0.       , 21.096485 ,
        0.       ,  0.       ,  3.9619055,  0.       ,  6.509777 ,
        0.       , 32.732063 ], dtype=float32), array([ 8.349722  ,  0.        ,  9.102716  ,  0.        ,  0.        ,
        9.871559  ,  0.        ,  6.805595  ,  0.17504704,  0.        ,
       72.86139   ,  0.        ], dtype=float32)]
-0.32673267326732675
(venv) nmorr@Machine:~/open_spiel$ python3 open_spiel/python/pytorch/run_rcfr.py
0 [0.55915784 0.44084216]
0pb [0.58832296 0.41167704]
0 [0.55915784 0.44084216]
0pb [0.58832296 0.41167704]
1 [0.57920576 0.42079424]
1pb [0.65859344 0.34140656]
1 [0.57920576 0.42079424]
1pb [0.65859344 0.34140656]
2 [0.60205938 0.39794062]
2pb [0.70147079 0.29852921]
2 [0.60205938 0.39794062]
2pb [0.70147079 0.29852921]
[tensor([[1, 0, 1, 0, 0, 0, 0, 0, 0,  0, 0, 1, 0, 0.9, 0, 0.9, 0, 0, 0, 0, 0, 0, 0, 0, 0.9, 0],
        [1, 0, 1, 0, 0, 0, 0, 0, 0, 0, 0, 0, 1, 0.9, 0, 0.9, 0, 0, 0, 0, 0, 0, 0, 0, 0, 0.9],
         [1, 0, 1, 0, 0, 1, 0, 0, 1, 0, 0, 1, 0, 0.9, 0, 0.9, 0, 0, 0.9, 0, 0, 0.9, 0, 0, 0.9, 0],
        [1, 0, 1, 0, 0, 1, 0, 0, 1, 0, 0, 0, 1, 0.9, 0, 0.9, 0, 0, 0.9, 0, 0, 0.9, 0, 0, 0, 0.9],
        [1, 0, 0, 1, 0, 0, 0, 0, 0, 0, 0, 1, 0, 0.9, 0, 0, 0.9, 0, 0, 0, 0, 0, 0, 0, 0.9, 0],
        [1, 0, 0, 1, 0, 0, 0, 0, 0, 0, 0, 0, 1, 0.9, 0, 0, 0.9, 0, 0, 0, 0, 0, 0, 0, 0, 0.9],
        [1, 0, 0, 1, 0, 1, 0, 0, 1, 0, 0, 1, 0, 0.9, 0, 0, 0.9, 0, 0.9, 0, 0, 0.9, 0, 0, 0.9, 0],
        [1, 0, 0, 1, 0, 1, 0, 0, 1, 0, 0, 0, 1, 0.9, 0, 0, 0.9, 0, 0.9, 0, 0, 0.9, 0, 0, 0, 0.9],
        [1, 0, 0, 0, 1, 0, 0, 0, 0, 0, 0, 1, 0, 0.9, 0, 0, 0, 0, 0, 0, 0, 0, 0, 0, 0.9, 0],
        [1, 0, 0, 0, 1, 0, 0, 0, 0, 0, 0, 0, 1, 0.9, 0, 0, 0, 0, 0, 0, 0, 0, 0, 0, 0, 0.9],
        [1, 0, 0, 0, 1, 1, 0, 0, 1, 0, 0, 1, 0, 0.9, 0, 0, 0, 0.9, 0.9, 0, 0, 0.9, 0, 0, 0.9, 0],
        [1, 0, 0, 0, 1, 1, 0, 0, 1, 0, 0, 0, 1, 0.9, 0, 0, 0, 0, 0.9, 0, 0, 0.9, 0, 0, 0, 0.9]]), 
 tensor([[0, 1, 0, 1, 0, 1, 0, 0, 0, 0, 0, 1, 0, 0, 0.9, 0, 0.9, 0, 0.9, 0, 0, 0, 0, 0, 0.9, 0],
        [0, 1, 0, 1, 0, 1, 0, 0, 0, 0, 0, 0, 1, 0, 0.9, 0, 0.9, 0, 0.9, 0, 0, 0, 0, 0, 0, 0.9],
        [0, 1, 0, 1, 0, 0, 1, 0, 0, 0, 0, 1, 0, 0, 0.9, 0, 0.9, 0, 0, 0.9, 0, 0, 0, 0, 0.9, 0],
        [0, 1, 0, 1, 0, 0, 1, 0, 0, 0, 0, 0, 1, 0, 0.9, 0, 0.9, 0, 0, 0.9, 0, 0, 0, 0, 0, 0.9],
        [0, 1, 0, 0, 1, 1, 0, 0, 0, 0, 0, 1, 0, 0, 0.9, 0, 0, 0, 0.9, 0, 0, 0, 0, 0, 0.9, 0],
        [0, 1, 0, 0, 1, 1, 0, 0, 0, 0, 0, 0, 1, 0, 0.9, 0, 0, 0, 0.9, 0, 0, 0, 0, 0, 0, 0.9],
        [0, 1, 0, 0, 1, 0, 1, 0, 0, 0, 0, 1, 0, 0, 0.9, 0, 0, 0, 0, 0.9, 0, 0, 0, 0, 0.9, 0],
        [0, 1, 0, 0, 1, 0, 1, 0, 0, 0, 0, 0, 1, 0, 0.9, 0, 0, 0, 0, 0.9, 0, 0, 0, 0, 0, 0.9],
        [0, 1, 1, 0, 0, 1, 0, 0, 0, 0, 0, 1, 0, 0, 0.9, 0.9, 0, 0, 0.9, 0, 0, 0, 0, 0, 0.9, 0],
        [0, 1, 1, 0, 0, 1, 0, 0, 0, 0, 0, 0, 1, 0, 0.9, 0.9, 0, 0, 0.9, 0, 0, 0, 0, 0, 0, 0.9],
        [0, 1, 1, 0, 0, 0, 1, 0, 0, 0, 0, 1, 0, 0, 0.9, 0.9, 0, 0, 0, 0.9, 0, 0, 0, 0, 0.9, 0],
        [0, 1, 1, 0, 0, 0, 1, 0, 0, 0, 0, 0, 1, 0, 0.9, 0.9, 0, 0, 0, 0.9, 0, 0, 0, 0, 0, 0.9]])]

0 [0.5046018 0.4953982]
0pb [0.5092947 0.4907053]
0 [0.5046018 0.4953982]
0pb [0.5092947 0.4907053]
1 [0.50707894 0.49292106]
1pb [0.51802498 0.48197502]
1 [0.50707894 0.49292106]
1pb [0.51802498 0.48197502]
2 [0.50944431 0.49055569]
2pb [0.52375149 0.47624851]
2 [0.50944431 0.49055569]
2pb [0.52375149 0.47624851]
[tensor([[1, 0, 1, 0, 0, 0, 0, 0, 0, 0, 0, 1, 0,      0.9, 0, 0.9, 0, 0, 0, 0, 0, 0, 0, 0, 0.9, 0],
        [1, 0, 1, 0, 0, 0, 0, 0, 0, 0, 0, 0, 1,      0.9, 0, 0.9, 0, 0, 0, 0, 0, 0, 0, 0, 0, 0.9],
        [1, 0, 1, 0, 0, 1, 0, 0, 0, 0, 0, 1, 0,      0.9, 0, 0.9, 0, 0, 0.9, 0, 0, 0.9, 0, 0, 0.9, 0],
        [1, 0, 1, 0, 0, 1, 0, 0, 0, 0, 0, 0, 1,      0.9, 0, 0.9, 0, 0, 0.9, 0, 0, 0.9, 0, 0, 0, 0.9],
        [1, 0, 0, 1, 0, 0, 0, 0, 0, 0, 0, 1, 0,      0.9, 0, 0, 0.9, 0, 0, 0, 0, 0, 0, 0, 0.9, 0],
        [1, 0, 0, 1, 0, 0, 0, 0, 0, 0, 0, 0, 1,      0.9, 0, 0, 0.9, 0, 0, 0, 0, 0, 0, 0, 0, 0.9],
        [1, 0, 0, 1, 0, 1, 0, 0, 0, 0, 0, 1, 0,      0.9, 0, 0, 0.9, 0, 0.9, 0, 0, 0.9, 0, 0, 0.9, 0],
        [1, 0, 0, 1, 0, 1, 0, 0, 0, 0, 0, 0, 1,      0.9, 0, 0, 0.9, 0, 0.9, 0, 0, 0.9, 0, 0, 0, 0.9],
        [1, 0, 0, 0, 1, 0, 0, 0, 0, 0, 0, 1, 0,      0.9, 0, 0, 0, 0, 0, 0, 0, 0, 0, 0, 0.9, 0],
        [1, 0, 0, 0, 1, 0, 0, 0, 0, 0, 0, 0, 1,      0.9, 0, 0, 0, 0, 0, 0, 0, 0, 0, 0, 0, 0.9],
        [1, 0, 0, 0, 1, 1, 0, 0, 0, 0, 0, 1, 0,      0.9, 0, 0, 0, 0, 0.9, 0, 0, 0.9, 0, 0, 0.9, 0],
        [1, 0, 0, 0, 1, 1, 0, 0, 0, 0, 0, 0, 1,      0.9, 0, 0, 0, 0, 0.9, 0, 0, 0.9, 0, 0, 0, 0.9]]), 
 tensor([[0, 1, 0, 1, 0, 1, 0, 0, 0, 0, 0, 1, 0,     0, 0.9, 0, 0.9, 0, 0.9, 0, 0, 0, 0, 0, 0.9, 0],
        [0, 1, 0, 1, 0, 1, 0, 0, 0, 0, 0, 0, 1,      0, 0.9, 0, 0.9, 0, 0.9, 0, 0, 0, 0, 0, 0, 0.9],
        [0, 1, 0, 1, 0, 0, 1, 0, 0, 0, 0, 1, 0,      0, 0.9, 0, 0.9, 0, 0, 0.9, 0, 0, 0, 0, 0.9, 0],
        [0, 1, 0, 1, 0, 0, 1, 0, 0, 0, 0, 0, 1,      0, 0.9, 0, 0.9, 0, 0, 0.9, 0, 0, 0, 0, 0, 0.9],
        [0, 1, 0, 0, 1, 1, 0, 0, 0, 0, 0, 1, 0,      0, 0.9, 0, 0, 0, 0.9, 0, 0, 0, 0, 0, 0.9, 0],
        [0, 1, 0, 0, 1, 1, 0, 0, 0, 0, 0, 0, 1,      0, 0.9, 0, 0, 0, 0.9, 0, 0, 0, 0, 0, 0, 0.9],
        [0, 1, 0, 0, 1, 0, 1, 0, 0, 0, 0, 1, 0,      0, 0.9, 0, 0, 0, 0, 0.9, 0, 0, 0, 0, 0.9, 0],
        [0, 1, 0, 0, 1, 0, 1, 0, 0, 0, 0, 0, 1,      0, 0.9, 0, 0, 0, 0, 0.9, 0, 0, 0, 0, 0, 0.9],
        [0, 1, 1, 0, 0, 1, 0, 0, 0, 0, 0, 1, 0,      0, 0.9, 0.9, 0, 0, 0.9, 0, 0, 0, 0, 0, 0.9, 0],
        [0, 1, 1, 0, 0, 1, 0, 0, 0, 0, 0, 0, 1,      0, 0.9, 0.9, 0, 0, 0.9, 0, 0, 0, 0, 0, 0, 0.9],
        [0, 1, 1, 0, 0, 0, 1, 0, 0, 0, 0, 1, 0,      0, 0.9, 0.9, 0, 0, 0, 0.9, 0, 0, 0, 0, 0.9, 0],
        [0, 1, 1, 0, 0, 0, 1, 0, 0, 0, 0, 0, 1,      0, 0.9, 0.9, 0, 0, 0, 0.9, 0, 0, 0, 0, 0, 0.9]])]



0 [0.46657039 0.53342961]
0pb [0.48782443 0.51217557]
0 [0.46657039 0.53342961]
0pb [0.48782443 0.51217557]
1 [0.46767826 0.53232174]
1pb [0.48924801 0.51075199]
1 [0.46767826 0.53232174]
1pb [0.48924801 0.51075199]
2 [0.46824027 0.53175973]
2pb [0.48997517 0.51002483]
2 [0.46824027 0.53175973]
2pb [0.48997517 0.51002483]
[tensor([[1, 0, 1, 0, 0, 0, 0, 0, 0, 0, 0, 1, 0, 0.9, 0, 0.9, 0, 0, 0, 0, 0, 0, 0, 0, 0.9, 0],
        [1, 0, 1, 0, 0, 0, 0, 0, 0, 0, 0, 0, 1, 0.9, 0, 0.9, 0, 0, 0, 0, 0, 0, 0, 0, 0, 0.9],
        [1, 0, 1, 0, 0, 1, 0, 0, 0, 0, 0, 1, 0, 0.9, 0, 0.9, 0, 0, 0.9, 0, 0, 0.9, 0, 0, 0.9, 0],
        [1, 0, 1, 0, 0, 1, 0, 0, 0, 0, 0, 0, 1, 0.9, 0, 0.9, 0, 0, 0.9, 0, 0, 0.9, 0, 0, 0, 0.9],
        [1, 0, 0, 1, 0, 0, 0, 0, 0, 0, 0, 1, 0, 0.9, 0, 0, 0.9, 0, 0, 0, 0, 0, 0, 0, 0.9, 0],
        [1, 0, 0, 1, 0, 0, 0, 0, 0, 0, 0, 0, 1, 0.9, 0, 0, 0.9, 0, 0, 0, 0, 0, 0, 0, 0, 0.9],
        [1, 0, 0, 1, 0, 1, 0, 0, 0, 0, 0, 1, 0, 0.9, 0, 0, 0.9, 0, 0.9, 0, 0, 0.9, 0, 0, 0.9, 0],
        [1, 0, 0, 1, 0, 1, 0, 0, 0, 0, 0, 0, 1, 0.9, 0, 0, 0.9, 0, 0.9, 0, 0, 0.9, 0, 0, 0, 0.9],
        [1, 0, 0, 0, 1, 0, 0, 0, 0, 0, 0, 1, 0, 0.9, 0, 0, 0, 0, 0, 0, 0, 0, 0, 0, 0.9, 0],
        [1, 0, 0, 0, 1, 0, 0, 0, 0, 0, 0, 0, 1, 0.9, 0, 0, 0, 0, 0, 0, 0, 0, 0, 0, 0, 0.9],
        [1, 0, 0, 0, 1, 1, 0, 0, 0, 0, 0, 1, 0, 0.9, 0, 0, 0, 0, 0.9, 0, 0, 0.9, 0, 0, 0.9, 0],
        [1, 0, 0, 0, 1, 1, 0, 0, 0, 0, 0, 0, 1, 0.9, 0, 0, 0, 0, 0.9, 0, 0, 0.9, 0, 0, 0, 0.9]]), tensor([[0, 1, 0, 1, 0, 1, 0, 0, 0, 0, 0, 1, 0, 0, 0.9, 0, 0.9, 0, 0.9, 0, 0, 0, 0, 0, 0.9, 0],
        [0, 1, 0, 1, 0, 1, 0, 0, 0, 0, 0, 0, 1, 0, 0.9, 0, 0.9, 0, 0.9, 0, 0, 0, 0, 0, 0, 0.9],
        [0, 1, 0, 1, 0, 0, 1, 0, 0, 0, 0, 1, 0, 0, 0.9, 0, 0.9, 0, 0, 0.9, 0, 0, 0, 0, 0.9, 0],
        [0, 1, 0, 1, 0, 0, 1, 0, 0, 0, 0, 0, 1, 0, 0.9, 0, 0.9, 0, 0, 0.9, 0, 0, 0, 0, 0, 0.9],
        [0, 1, 0, 0, 1, 1, 0, 0, 0, 0, 0, 1, 0, 0, 0.9, 0, 0, 0, 0.9, 0, 0, 0, 0, 0, 0.9, 0],
        [0, 1, 0, 0, 1, 1, 0, 0, 0, 0, 0, 0, 1, 0, 0.9, 0, 0, 0, 0.9, 0, 0, 0, 0, 0, 0, 0.9],
        [0, 1, 0, 0, 1, 0, 1, 0, 0, 0, 0, 1, 0, 0, 0.9, 0, 0, 0, 0, 0.9, 0, 0, 0, 0, 0.9, 0],
        [0, 1, 0, 0, 1, 0, 1, 0, 0, 0, 0, 0, 1, 0, 0.9, 0, 0, 0, 0, 0.9, 0, 0, 0, 0, 0, 0.9],
        [0, 1, 1, 0, 0, 1, 0, 0, 0, 0, 0, 1, 0, 0, 0.9, 0.9, 0, 0, 0.9, 0, 0, 0, 0, 0, 0.9, 0],
        [0, 1, 1, 0, 0, 1, 0, 0, 0, 0, 0, 0, 1, 0, 0.9, 0.9, 0, 0, 0.9, 0, 0, 0, 0, 0, 0, 0.9],
        [0, 1, 1, 0, 0, 0, 1, 0, 0, 0, 0, 1, 0, 0, 0.9, 0.9, 0, 0, 0, 0.9, 0, 0, 0, 0, 0.9, 0],
        [0, 1, 1, 0, 0, 0, 1, 0, 0, 0, 0, 0, 1, 0, 0.9, 0.9, 0, 0, 0, 0.9, 0, 0, 0, 0, 0, 0.9]])]



[array([0., 0., 0., 0., 0., 0., 0., 0., 0., 0., 0., 0.], dtype=float32), array([0., 0., 0., 0., 0., 0., 0., 0., 0., 0., 0., 0.], dtype=float32)]
0.0594059405940594
























































